51
56
58
61
66
68
70
72
75
78
80
83
87
90
95
100
103
106
109
115
119
122
124
126
129
131
133
140
144
148
151
154
157
160
164
167
174
176
183
187
193
196
199
201
203
205
207
216
223
226
229
232
234
238
240
244
252
255
260
263
266
268
280
294
301
311
313
316
318
320
322
326
328
332
334
341
345
348
350
353
360
364
367
370
374
376
379
381
383
385
388
394
398
408
411
416
419
421
424
427
429
433
436
447
453
455
457
459
462
464
467
470
473
475
478
481
483
485
489
491
494
498
501
503
510
513
521
524
530
532
535
537
545
547
550
552
557
559
561
563
565
568
570
576
578
582
586
591
595
597
600
605
616
620
622
624
627
631
633
638
640
642
644
646
649
651
653
655
657
660
663
665
667
670
672
675
680
683
685
688
692
694
698
701
703
705
710
712
715
717
720
725
727
729
733
735
742
744
746
753
757
760
763
768
770
773
775
780
784
786
788
793
795
797
799
801
804
808
812
814
816
818
820
825
828
832
836
838
842
846
848
851
853
857
860
863
867
869
874
879
883
885
890
893
896
899
901
904
906
908
910
912
915
921
928
930
934
938
941
943
946
948
950
953
957
959
961
963
965
968
971
973
977
979
981
984
990
993
999
1002
1010
1012
1014
1017
1019
1023
1026
1028
1030
1034
1040
1043
1060
1062
1064
1066
1071
1076
1079
1081
1086
1092
1096
1100
1102
1104
1110
1112
1116
1118
1124
1127
1135
1137
1141
1143
1145
1148
1150
1152
1155
1157
1161
1165
1172
1174
1177
1181
1190
1193
1195
1197
1201
1203
1205
1211
1223
1225
1228
1231
1233
1235
1239
1242
1245
1247
1249
1251
1254
1257
1259
1263
1266
1268
1270
1272
1274
1277
1279
1286
1289
1296
1300
1303
1305
1309
1318
1323
1330
1332
1334
1339
1343
1350
1355
1357
1367
1369
1372
1374
1376
1379
1384
1387
1390
1395
1397
1401
1403
1406
1409
1412
1414
1424
1427
1431
1434
1441
1447
1449
1452
1454
1456
1458
1460
1464
1466
1469
1471
1476
1478
1485
1488
1491
1493
1495
1500
1502
1506
1508
1518
1520
1522
1530
1532
1540
1546
1551
1555
1557
1560
1565
1573
1575
1577
1582
1586
1592
1595
1599
1607
1611
1614
1619
1623
1625
1628
1632
1634
1636
1639
1644
1647
1649
1651
1654
1657
1660
1663
1668
1675
1683
1685
1687
1689
1694
1697
1704
1706
1708
1715
1717
1719
1721
1723
1726
1728
1730
1733
1735
1737
1740
1742
1747
1749
1753
1756
1762
1764
1767
1770
1772
1774
1776
1779
1783
1785
1787
1789
1794
1797
1799
1804
1806
1811
1813
1816
1818
1821
1825
1827
1830
1832
1838
1840
1843
1845
1848
1851
1859
1862
1868
1877
1880
1882
1886
1889
1894
1896
1898
1906
1909
1912
1914
1917
1919
1921
1923
1930
1932
1935
1938
1940
1942
1944
1947
1949
1951
1954
1961
1964
1970
1975
1978
1982
1986
1988
1990
1994
1996
1998
2000
2002
2004
2008
2010
2013
2016
2018
2023
2026
2028
2032
2034
2042
2046
2051
2056
2060
2063
2067
2069
2072
2077
2082
2085
2097
2101
2103
2105
2107
2110
2114
2120
2122
2125
2129
2131
2133
2135
2137
2139
2142
2146
2148
2154
2156
2159
2162
2164
2169
2171
2178
2180
2188
2191
2197
